1 -7.6724 
2 -12.5548 
3 -5.4510 
4 -7.5133 
5 -2.6212 
6 -2.8130 
7 -8.1951 
8 -5.4419 
9 -6.3582 
10 2.2949 
11 -6.6643 
12 0.4990 
13 1.9955 
14 2.0707 
15 1.2210 
16 -2.7200 
17 -0.8009 
18 6.7625 
19 5.7627 
20 4.1532 
21 13.2095 
22 4.2938 
23 11.7640 
24 4.5114 
25 25.3231 
26 2.4098 
27 17.4425 
28 16.4631 
29 18.7858 
30 3.7510 
31 21.7294 
32 1.9933 
33 9.6037 
34 10.4668 
35 5.0616 
36 21.8285 
37 12.1789 
38 38.2581 
39 25.1896 
40 42.8380 
41 21.7477 
42 30.8045 
43 28.4816 
44 9.1129 
45 25.0076 
46 27.0851 
47 4.3451 
48 43.9748 
49 30.9630 
50 15.4061 
35 -2.5000 
40 5.0000 
10 10.0000 
40 -5.0000 
48 55.3000 
33 41.0000 
35 50.0000 
37 44.0000 
20 25.0000 
25 33.0000 
48 1.0000 
5 5.0000 
10 0.0000 
25 -10.0000 
  