11   281.120 
11   387.298 
12   320.212 
13   349.466 
13   361.301 
14   328.453 
14   323.038 
15   361.388 
16   320.026 
16   325.571 
17   304.096 
19   265.538 
20   361.430 
20   277.845 
20   822.000 
22   291.966 
23   269.256 
24   349.206 
25   321.626 
25   238.845 
27   289.050 
30   292.731 
31   333.250 
31   271.772 
32   366.062 
32   348.466 
34   306.712 
34   315.745 
34   336.657 
34   325.705 
34   245.924 
34   379.879 
35   298.079 
36   290.359 
37   244.655 
37   343.674 
38   273.215 
38   272.110 
39   311.532 
39   274.544 
39   272.141 
41   345.844 
41   405.276 
42   281.750 
44   328.556 
44   305.835 
45   326.460 
46   345.245 
46   384.909 
46  -118.887 
46   165.125 
46  -186.542 
47  -175.566 
47   131.452 
48   -15.933 
48    32.546 
50    97.739 
50   -98.627 
51   -75.101 
51  -168.774 
52  -112.193 
52   161.780 
52   -93.632 
53   -69.910 
53   317.202 
53   294.087 
53    36.976 
54   125.337 
54   -53.504 
55   317.208 
55  -497.275 
56  -433.458 
57  -472.111 
58  -143.318 
58  -479.169 
58  -123.375 
58    79.546 
59   -69.521 
59  -420.545 
60  -211.505 
60   103.108 
63   -98.436 
64  -144.942 
65  -209.791 
65    18.805 
65     2.667 
66  -278.867 
66   -12.268 
66   -91.566 
67  -114.257 
67    57.238 
68    66.799 
69  -107.506 
71  -108.539 
71  -104.001 
72    -9.614 
72   150.621 
72   189.945 
73   -97.675 
73   205.504 
75  -192.950 
76   248.804 
76    72.082 
77   202.371 
78   -89.284 
79  -143.690 
80   204.383 
80   374.783 
80   473.525 
81    31.544 
81   424.577 
82   424.099 
83   407.251 
89   392.120 
89   488.867 
91   459.888 
92   154.707 
92   179.818 
92   292.036 
93   685.736 
93   716.673 
93   719.673 
94   803.299 
96   825.299 
96   756.000 
97   759.000 
97   108.000 
99   201.000 
99   377.000 
100   779.000 
  
  