   1  142.433 
   2  244.380 
   3   96.994 
   4   40.326 
   5  158.700 
   6   46.195 
   7   99.508 
   8  159.696 
   9   55.589 
  10  145.317 
  11   32.563 
  12  153.311 
  13   25.247 
  14  253.261 
  15  138.713 
  16   82.135 
  17   40.531 
  18  193.608 
  19   41.998 
  20  505.357 
  21  600.811 
  22  158.417 
  23   47.494 
  24   65.422 
  25  126.275 
  26  109.680 
  27   77.955 
  28   69.492 
  29  222.232 
  30   65.366 
  31   76.342 
  32  386.015 
  33  221.102 
  34  395.449 
  35  211.111 
  36  162.631 
  37  118.581 
  38  343.304 
  39  168.515 
  40   91.968 
  41   93.431 
  42  118.632 
  43  136.912 
  44   89.733 
  45  572.748 
  46  225.787 
  47   95.979 
  48  444.817 
  49  220.894 
  50  306.795 
  